# Created by Octave 4.4.1, Thu Sep 20 13:47:50 2018 CEST <raruidol@Ramons-MacBook-Pro.local>
# name: w
# type: matrix
# rows: 1281
# columns: 2
 -33 33
 -2286 2286
 -5024 5024
 2188 -2188
 -4806 4806
 6184 -6184
 -1535 1535
 1.377e+04 -1.377e+04
 1.064e+04 -1.064e+04
 6538 -6538
 6845 -6845
 -9439 9439
 -1639 1639
 -6920 6920
 119.9 -119.9
 2874 -2874
 5271 -5271
 1280 -1280
 390.1 -390.1
 5033 -5033
 -1848 1848
 -2533 2533
 -3987 3987
 -6463 6463
 3122 -3122
 -553.3 553.3
 -379.8 379.8
 -2735 2735
 -201.9 201.9
 2736 -2736
 -1843 1843
 -2800 2800
 1.225e+04 -1.225e+04
 -2228 2228
 -5887 5887
 2006 -2006
 -705 705
 -1685 1685
 -6983 6983
 9233 -9233
 -2024 2024
 -4493 4493
 -1250 1250
 1727 -1727
 -8475 8475
 -3670 3670
 -193.9 193.9
 -3649 3649
 1544 -1544
 -5613 5613
 -2733 2733
 1415 -1415
 -1122 1122
 3163 -3163
 1.006e+04 -1.006e+04
 1544 -1544
 -4745 4745
 4014 -4014
 -736.1 736.1
 -2094 2094
 -4358 4358
 -24.93 24.93
 1482 -1482
 -4937 4937
 -9291 9291
 -2294 2294
 74.89 -74.89
 -554.1 554.1
 1269 -1269
 1.068e+04 -1.068e+04
 1392 -1392
 683.4 -683.4
 -381 381
 -3099 3099
 3311 -3311
 -1830 1830
 6957 -6957
 5639 -5639
 4126 -4126
 3052 -3052
 328.1 -328.1
 2904 -2904
 -99.16 99.16
 2874 -2874
 137.4 -137.4
 2805 -2805
 695.7 -695.7
 53.67 -53.67
 -8763 8763
 175.5 -175.5
 -4700 4700
 -1935 1935
 1934 -1934
 -710 710
 -47.6 47.6
 4838 -4838
 -1696 1696
 -1983 1983
 462.7 -462.7
 727.6 -727.6
 -765.1 765.1
 3533 -3533
 -3987 3987
 -2444 2444
 -5438 5438
 6272 -6272
 395.8 -395.8
 -1283 1283
 24 -24
 -585.8 585.8
 -6101 6101
 -3075 3075
 3564 -3564
 1776 -1776
 -9677 9677
 -6633 6633
 3108 -3108
 -571.7 571.7
 -3146 3146
 -3954 3954
 1364 -1364
 2974 -2974
 1326 -1326
 4950 -4950
 2328 -2328
 -2287 2287
 1072 -1072
 1347 -1347
 2348 -2348
 1196 -1196
 1799 -1799
 2229 -2229
 -944.8 944.8
 -4990 4990
 1474 -1474
 747.3 -747.3
 -1118 1118
 1252 -1252
 -1740 1740
 270.8 -270.8
 -48 48
 628.5 -628.5
 622.2 -622.2
 -3107 3107
 -6908 6908
 -5201 5201
 4018 -4018
 3790 -3790
 4842 -4842
 509.6 -509.6
 1.194e+04 -1.194e+04
 -145.2 145.2
 2193 -2193
 6339 -6339
 4752 -4752
 3241 -3241
 -1888 1888
 222.5 -222.5
 -2503 2503
 -3366 3366
 -1246 1246
 2543 -2543
 -1.727e+04 1.727e+04
 -1810 1810
 494 -494
 -4429 4429
 -3369 3369
 -4072 4072
 -1151 1151
 -2996 2996
 2641 -2641
 2187 -2187
 1.005e+04 -1.005e+04
 1068 -1068
 -418 418
 1246 -1246
 3566 -3566
 2897 -2897
 111.4 -111.4
 3156 -3156
 3176 -3176
 -3272 3272
 -2306 2306
 -2158 2158
 1427 -1427
 1449 -1449
 3161 -3161
 -5958 5958
 -5227 5227
 -1424 1424
 3570 -3570
 -2713 2713
 1674 -1674
 597.2 -597.2
 603.1 -603.1
 1917 -1917
 -2449 2449
 3546 -3546
 7927 -7927
 -1913 1913
 -3948 3948
 -5165 5165
 5505 -5505
 326.5 -326.5
 243.4 -243.4
 -2580 2580
 -2136 2136
 -1671 1671
 -4058 4058
 6648 -6648
 -6154 6154
 -2105 2105
 -4113 4113
 -1221 1221
 2154 -2154
 -6298 6298
 -1689 1689
 -3780 3780
 883.5 -883.5
 -2850 2850
 -7671 7671
 4121 -4121
 1010 -1010
 2397 -2397
 -708.2 708.2
 -402.5 402.5
 1757 -1757
 2452 -2452
 4200 -4200
 3778 -3778
 -3810 3810
 1.282e+04 -1.282e+04
 -3535 3535
 -2615 2615
 -3084 3084
 -3391 3391
 2772 -2772
 -503.8 503.8
 -4201 4201
 -3185 3185
 -2662 2662
 1825 -1825
 -1553 1553
 2306 -2306
 -7069 7069
 -5188 5188
 1765 -1765
 -839.2 839.2
 -2010 2010
 -62.32 62.32
 1956 -1956
 -1874 1874
 3302 -3302
 -4488 4488
 562.8 -562.8
 -299.7 299.7
 -3301 3301
 -7244 7244
 3144 -3144
 1342 -1342
 4059 -4059
 1813 -1813
 2352 -2352
 -74.3 74.3
 297.7 -297.7
 -1091 1091
 -6088 6088
 -4496 4496
 -4029 4029
 5098 -5098
 4415 -4415
 -4115 4115
 -7134 7134
 -127.9 127.9
 5258 -5258
 -197.1 197.1
 -5846 5846
 -5670 5670
 -6100 6100
 -4885 4885
 -1537 1537
 5949 -5949
 -3601 3601
 -453.8 453.8
 -761.2 761.2
 -8314 8314
 2789 -2789
 4513 -4513
 3879 -3879
 -5142 5142
 -6612 6612
 2248 -2248
 1187 -1187
 1640 -1640
 366.4 -366.4
 -2217 2217
 6131 -6131
 6854 -6854
 -3822 3822
 -6819 6819
 4822 -4822
 694.1 -694.1
 589.5 -589.5
 -1382 1382
 -6840 6840
 3072 -3072
 -5115 5115
 3773 -3773
 7076 -7076
 -1127 1127
 2080 -2080
 277.4 -277.4
 -4730 4730
 -6224 6224
 -435.1 435.1
 -1.47e+04 1.47e+04
 1903 -1903
 7368 -7368
 2935 -2935
 -1107 1107
 1977 -1977
 -4480 4480
 484.1 -484.1
 1816 -1816
 -2040 2040
 -4433 4433
 4859 -4859
 -423.9 423.9
 -9572 9572
 -5693 5693
 -2313 2313
 820.2 -820.2
 -1770 1770
 537.4 -537.4
 6025 -6025
 -6350 6350
 981.9 -981.9
 3210 -3210
 -8418 8418
 -592.9 592.9
 475.8 -475.8
 -3369 3369
 -755.2 755.2
 4927 -4927
 4635 -4635
 1326 -1326
 -3283 3283
 2120 -2120
 6428 -6428
 1970 -1970
 -2767 2767
 2714 -2714
 -1049 1049
 -1773 1773
 -4296 4296
 -19.66 19.66
 -3563 3563
 342.3 -342.3
 4152 -4152
 -7685 7685
 1362 -1362
 2120 -2120
 -7321 7321
 -2996 2996
 2760 -2760
 -540.9 540.9
 3323 -3323
 -1454 1454
 -526.6 526.6
 -4105 4105
 8515 -8515
 -1213 1213
 1210 -1210
 -3209 3209
 -178.7 178.7
 3388 -3388
 6170 -6170
 2083 -2083
 -6799 6799
 -5152 5152
 3459 -3459
 -547.5 547.5
 1372 -1372
 -2747 2747
 -775.6 775.6
 -132.9 132.9
 -620.5 620.5
 -8768 8768
 1906 -1906
 -3324 3324
 3746 -3746
 -4822 4822
 1243 -1243
 8956 -8956
 -1231 1231
 6472 -6472
 -3775 3775
 3984 -3984
 1459 -1459
 -916 916
 3511 -3511
 -6956 6956
 -7264 7264
 -6422 6422
 1989 -1989
 -5088 5088
 792.1 -792.1
 -6267 6267
 5423 -5423
 -451.8 451.8
 -2406 2406
 -1903 1903
 -660.1 660.1
 -234 234
 -491.9 491.9
 -1081 1081
 6408 -6408
 -4570 4570
 -6306 6306
 1893 -1893
 897.8 -897.8
 5904 -5904
 -2936 2936
 -6405 6405
 -2224 2224
 6780 -6780
 367.8 -367.8
 -1458 1458
 -4143 4143
 -6722 6722
 731.1 -731.1
 4526 -4526
 -5821 5821
 -941.1 941.1
 2671 -2671
 -1165 1165
 7465 -7465
 -1922 1922
 2061 -2061
 772.3 -772.3
 -2977 2977
 -0.035 0.035
 -8410 8410
 2962 -2962
 -1330 1330
 -2357 2357
 -278.6 278.6
 -963.1 963.1
 4127 -4127
 1515 -1515
 -2053 2053
 1359 -1359
 131.3 -131.3
 1634 -1634
 3621 -3621
 -4376 4376
 744.6 -744.6
 -1973 1973
 -2268 2268
 -2553 2553
 -1607 1607
 5920 -5920
 2480 -2480
 -740.8 740.8
 -4946 4946
 -4836 4836
 -1330 1330
 -1495 1495
 -1965 1965
 227.1 -227.1
 5535 -5535
 5820 -5820
 678.1 -678.1
 -801 801
 2566 -2566
 1882 -1882
 -1.033e+04 1.033e+04
 -1100 1100
 1.11e+04 -1.11e+04
 826.2 -826.2
 1972 -1972
 -3843 3843
 -1707 1707
 -4625 4625
 -1505 1505
 -3569 3569
 -1491 1491
 -3685 3685
 971.9 -971.9
 5021 -5021
 155.8 -155.8
 2684 -2684
 -2048 2048
 -2340 2340
 2344 -2344
 -6017 6017
 -901.4 901.4
 5790 -5790
 -4327 4327
 -1597 1597
 -1380 1380
 2180 -2180
 1957 -1957
 3271 -3271
 -2141 2141
 -716.6 716.6
 1663 -1663
 -8427 8427
 4275 -4275
 1373 -1373
 -4233 4233
 -1921 1921
 -3785 3785
 2776 -2776
 2643 -2643
 -305.4 305.4
 3115 -3115
 2833 -2833
 -865.9 865.9
 3651 -3651
 -842.3 842.3
 -2500 2500
 -4855 4855
 821.2 -821.2
 -5136 5136
 3402 -3402
 -3603 3603
 -4530 4530
 13.51 -13.51
 2208 -2208
 -469.2 469.2
 -2887 2887
 -482.5 482.5
 -3868 3868
 4907 -4907
 142.6 -142.6
 -2930 2930
 -3349 3349
 2890 -2890
 -1655 1655
 225.9 -225.9
 4994 -4994
 3557 -3557
 7244 -7244
 1828 -1828
 -2371 2371
 -4612 4612
 3967 -3967
 -2611 2611
 1387 -1387
 214.4 -214.4
 8175 -8175
 3900 -3900
 -4508 4508
 6138 -6138
 1.327e+04 -1.327e+04
 6572 -6572
 6056 -6056
 6710 -6710
 -1146 1146
 -369.4 369.4
 -3433 3433
 6668 -6668
 612.5 -612.5
 -4044 4044
 2567 -2567
 207.9 -207.9
 -3097 3097
 1330 -1330
 -574.9 574.9
 -1045 1045
 2986 -2986
 2996 -2996
 6484 -6484
 -2862 2862
 -3212 3212
 -6340 6340
 -2062 2062
 -2205 2205
 -6756 6756
 -4859 4859
 -2386 2386
 685.2 -685.2
 -8271 8271
 -3502 3502
 -3740 3740
 -2943 2943
 -2215 2215
 1688 -1688
 109.2 -109.2
 -5504 5504
 -1536 1536
 -444 444
 6146 -6146
 5420 -5420
 7227 -7227
 -6254 6254
 -597 597
 6047 -6047
 820.9 -820.9
 -2489 2489
 4813 -4813
 -1189 1189
 -1321 1321
 -889.4 889.4
 -2581 2581
 3345 -3345
 -7811 7811
 2297 -2297
 4569 -4569
 1630 -1630
 -1321 1321
 2080 -2080
 8748 -8748
 -4365 4365
 901.2 -901.2
 4215 -4215
 3915 -3915
 -2988 2988
 -5465 5465
 4765 -4765
 -3212 3212
 2885 -2885
 -1894 1894
 3439 -3439
 -6731 6731
 705.5 -705.5
 -5539 5539
 2237 -2237
 2597 -2597
 -4402 4402
 1215 -1215
 1084 -1084
 3994 -3994
 2113 -2113
 2665 -2665
 3041 -3041
 -1.2e+04 1.2e+04
 -384.7 384.7
 -159.1 159.1
 6414 -6414
 -701.8 701.8
 -65.41 65.41
 369.3 -369.3
 5855 -5855
 961.1 -961.1
 -466.9 466.9
 530.3 -530.3
 -6013 6013
 -6264 6264
 277.2 -277.2
 37.2 -37.2
 -821.7 821.7
 -2534 2534
 6427 -6427
 2368 -2368
 4856 -4856
 1987 -1987
 4349 -4349
 5099 -5099
 3250 -3250
 3116 -3116
 244.3 -244.3
 -626.5 626.5
 -4684 4684
 -2200 2200
 7044 -7044
 1477 -1477
 -2843 2843
 6152 -6152
 2440 -2440
 -9099 9099
 4502 -4502
 -6310 6310
 -3122 3122
 1382 -1382
 2576 -2576
 4302 -4302
 3879 -3879
 -6859 6859
 -2774 2774
 550.3 -550.3
 2199 -2199
 7206 -7206
 -1313 1313
 -4231 4231
 -6684 6684
 -5567 5567
 1.026e+04 -1.026e+04
 -1607 1607
 3900 -3900
 4759 -4759
 2777 -2777
 473.2 -473.2
 -2544 2544
 1338 -1338
 509.6 -509.6
 4949 -4949
 3757 -3757
 -666.1 666.1
 2999 -2999
 -3518 3518
 7388 -7388
 734.6 -734.6
 -3894 3894
 4615 -4615
 2174 -2174
 1.224e+04 -1.224e+04
 3016 -3016
 538.7 -538.7
 -835.8 835.8
 -3014 3014
 -5293 5293
 2516 -2516
 -6348 6348
 -1049 1049
 -5946 5946
 1689 -1689
 -5800 5800
 -2307 2307
 -4000 4000
 6754 -6754
 -5941 5941
 5929 -5929
 2655 -2655
 3183 -3183
 -6614 6614
 7114 -7114
 4184 -4184
 4022 -4022
 5800 -5800
 -6868 6868
 -294.6 294.6
 3096 -3096
 -5766 5766
 -7291 7291
 7724 -7724
 -4901 4901
 4082 -4082
 -1.025e+04 1.025e+04
 2489 -2489
 1671 -1671
 -1.223e+04 1.223e+04
 -210.4 210.4
 -4072 4072
 -3597 3597
 3891 -3891
 -1436 1436
 -28.84 28.84
 -1661 1661
 4525 -4525
 -8031 8031
 -1.437e+04 1.437e+04
 1176 -1176
 818.1 -818.1
 -1651 1651
 6722 -6722
 3089 -3089
 -6069 6069
 -3397 3397
 -1.123e+04 1.123e+04
 2487 -2487
 -190.9 190.9
 -187.2 187.2
 5225 -5225
 -3534 3534
 -3039 3039
 339.6 -339.6
 105 -105
 2663 -2663
 -980.6 980.6
 -1775 1775
 1811 -1811
 -911 911
 5542 -5542
 7303 -7303
 -5706 5706
 5532 -5532
 5414 -5414
 -2.059e+04 2.059e+04
 -3409 3409
 -657.6 657.6
 5811 -5811
 -3025 3025
 -792.9 792.9
 278 -278
 140.9 -140.9
 -3503 3503
 1.002e+04 -1.002e+04
 -2362 2362
 1746 -1746
 -1.361e+04 1.361e+04
 -1738 1738
 252.2 -252.2
 899.3 -899.3
 -4084 4084
 -2012 2012
 -1175 1175
 -3978 3978
 -2486 2486
 -842 842
 3011 -3011
 1518 -1518
 35.69 -35.69
 2123 -2123
 -866.2 866.2
 -4069 4069
 1652 -1652
 -1103 1103
 -6073 6073
 -96.71 96.71
 -8414 8414
 -2074 2074
 4212 -4212
 -2209 2209
 -2270 2270
 -467.5 467.5
 -4443 4443
 2107 -2107
 912.4 -912.4
 -5387 5387
 582.7 -582.7
 -112.4 112.4
 -365.9 365.9
 -2550 2550
 1.537e+04 -1.537e+04
 -41.55 41.55
 -1908 1908
 -1157 1157
 3395 -3395
 -3353 3353
 5029 -5029
 2161 -2161
 4813 -4813
 1.255e+04 -1.255e+04
 7392 -7392
 -4236 4236
 128.3 -128.3
 5361 -5361
 -1592 1592
 458.6 -458.6
 -2066 2066
 1221 -1221
 1892 -1892
 -3422 3422
 -7275 7275
 2088 -2088
 -3200 3200
 8841 -8841
 1884 -1884
 1847 -1847
 -9097 9097
 -6014 6014
 2534 -2534
 2035 -2035
 7460 -7460
 -2689 2689
 1683 -1683
 -1064 1064
 3936 -3936
 -3556 3556
 1981 -1981
 -5813 5813
 -7546 7546
 2768 -2768
 1201 -1201
 -6043 6043
 2485 -2485
 3204 -3204
 -3744 3744
 -3103 3103
 -45.97 45.97
 -2460 2460
 -4656 4656
 -1701 1701
 1.09e+04 -1.09e+04
 -9750 9750
 1251 -1251
 5875 -5875
 2872 -2872
 -8995 8995
 -885 885
 7398 -7398
 -805.9 805.9
 -538.1 538.1
 -4027 4027
 -6066 6066
 -8446 8446
 2490 -2490
 1325 -1325
 -3282 3282
 -767 767
 158.9 -158.9
 2677 -2677
 -6283 6283
 -5628 5628
 -2061 2061
 1006 -1006
 2557 -2557
 -5561 5561
 -1331 1331
 7738 -7738
 4733 -4733
 2537 -2537
 -1.112e+04 1.112e+04
 1648 -1648
 -6476 6476
 -2820 2820
 362.2 -362.2
 7730 -7730
 -725.9 725.9
 2315 -2315
 -6183 6183
 -2370 2370
 -5622 5622
 -4396 4396
 4825 -4825
 5288 -5288
 -990.5 990.5
 4262 -4262
 2058 -2058
 4165 -4165
 1484 -1484
 1658 -1658
 4611 -4611
 -4554 4554
 5601 -5601
 -4527 4527
 2789 -2789
 1928 -1928
 7365 -7365
 -5594 5594
 453 -453
 -1713 1713
 8914 -8914
 3029 -3029
 6027 -6027
 529.1 -529.1
 -343.7 343.7
 3023 -3023
 -792.3 792.3
 -4022 4022
 2516 -2516
 -1841 1841
 445.5 -445.5
 1215 -1215
 -1298 1298
 -1662 1662
 579.9 -579.9
 577.9 -577.9
 396.2 -396.2
 -4331 4331
 2640 -2640
 -4603 4603
 588.6 -588.6
 -1284 1284
 930.4 -930.4
 -3971 3971
 190.8 -190.8
 -2470 2470
 29.19 -29.19
 1667 -1667
 3054 -3054
 -2256 2256
 -734.3 734.3
 -7523 7523
 -1978 1978
 -1010 1010
 2203 -2203
 -4951 4951
 -8525 8525
 850 -850
 -2012 2012
 5117 -5117
 -964.9 964.9
 7894 -7894
 -408.1 408.1
 3813 -3813
 -9559 9559
 845.6 -845.6
 2515 -2515
 -2283 2283
 354.8 -354.8
 819.9 -819.9
 -2740 2740
 -7654 7654
 -5083 5083
 5300 -5300
 -525 525
 -2937 2937
 2283 -2283
 -3006 3006
 -2331 2331
 -8208 8208
 -2993 2993
 5268 -5268
 -516.1 516.1
 -5607 5607
 97.85 -97.85
 7217 -7217
 -7265 7265
 4139 -4139
 427 -427
 2895 -2895
 9727 -9727
 1339 -1339
 948.5 -948.5
 -7674 7674
 1788 -1788
 1768 -1768
 1896 -1896
 -5889 5889
 -23.61 23.61
 -3892 3892
 -1377 1377
 2024 -2024
 2564 -2564
 -3625 3625
 1777 -1777
 -1952 1952
 -6499 6499
 -4310 4310
 -5250 5250
 -1957 1957
 1313 -1313
 3027 -3027
 5386 -5386
 3348 -3348
 829.5 -829.5
 -157.1 157.1
 763.8 -763.8
 859.4 -859.4
 -3215 3215
 3198 -3198
 -5222 5222
 431.7 -431.7
 4569 -4569
 -3120 3120
 -1833 1833
 743.9 -743.9
 2662 -2662
 -812.8 812.8
 -3326 3326
 -2124 2124
 2908 -2908
 3074 -3074
 4772 -4772
 -965.4 965.4
 -3185 3185
 3389 -3389
 2441 -2441
 3181 -3181
 -5550 5550
 -7581 7581
 7756 -7756
 6689 -6689
 -444.9 444.9
 -409.8 409.8
 1.277e+04 -1.277e+04
 616 -616
 3864 -3864
 3077 -3077
 -5698 5698
 -2055 2055
 -3671 3671
 2067 -2067
 -684.7 684.7
 6036 -6036
 2313 -2313
 -6886 6886
 -1218 1218
 -1.152e+04 1.152e+04
 7765 -7765
 -5166 5166
 1.211e+04 -1.211e+04
 -3287 3287
 -931.6 931.6
 3476 -3476
 1564 -1564
 -4195 4195
 -6799 6799
 -5070 5070
 -5651 5651
 5567 -5567
 160.4 -160.4
 -5000 5000
 -5728 5728
 1736 -1736
 2939 -2939
 -6398 6398
 -1471 1471
 1229 -1229
 -989.5 989.5
 -6706 6706
 -2325 2325
 -7025 7025
 -4568 4568
 -3536 3536
 -4590 4590
 3935 -3935
 -6908 6908
 -6139 6139
 1574 -1574
 -2151 2151
 3241 -3241
 6960 -6960
 -2881 2881
 -5054 5054
 -4818 4818
 -2743 2743
 -2732 2732
 2312 -2312
 3611 -3611
 1222 -1222
 -646.5 646.5
 -1894 1894
 729.4 -729.4
 7380 -7380
 782 -782
 -2264 2264
 2872 -2872
 1745 -1745
 -3475 3475
 6800 -6800
 -2867 2867
 -3882 3882
 2335 -2335
 4205 -4205
 -1.039e+04 1.039e+04
 -712.3 712.3
 -2120 2120
 864.3 -864.3
 -3698 3698
 -4365 4365
 2400 -2400
 -3458 3458
 2714 -2714
 3964 -3964
 184 -184
 -5645 5645
 3542 -3542
 271.9 -271.9
 4998 -4998
 -1400 1400
 2031 -2031
 408.3 -408.3
 -1126 1126
 3879 -3879
 -1447 1447
 2428 -2428
 1125 -1125
 -362.8 362.8
 7339 -7339
 -528.7 528.7
 1978 -1978
 665.8 -665.8
 -86.27 86.27
 -6436 6436
 1610 -1610
 -2185 2185
 294.3 -294.3
 -738.7 738.7
 -1595 1595
 1929 -1929
 -288.9 288.9
 486.3 -486.3
 -4608 4608
 2453 -2453
 1567 -1567
 -3657 3657
 -4552 4552
 2342 -2342
 -4.227 4.227
 1194 -1194
 -2020 2020
 -3168 3168
 -1142 1142
 -814.5 814.5
 -5060 5060
 592.7 -592.7
 -232.3 232.3
 -9015 9015
 998.6 -998.6
 -9863 9863
 -3953 3953
 -794.3 794.3
 -2718 2718
 -5819 5819
 1998 -1998
 -4220 4220
 9197 -9197
 1.584e+04 -1.584e+04
 -6320 6320
 -748.5 748.5
 -1.029e+04 1.029e+04
 1422 -1422
 2691 -2691
 1.117e+04 -1.117e+04
 2390 -2390
 -4627 4627
 5215 -5215
 -7200 7200
 -2015 2015
 -3736 3736
 -2338 2338
 -2641 2641
 -1350 1350
 -2655 2655
 1332 -1332
 1167 -1167
 1811 -1811
 3347 -3347
 -9082 9082
 -4956 4956
 1118 -1118
 -2427 2427
 2921 -2921
 6656 -6656
 -4388 4388
 -2505 2505
 -6524 6524
 -2538 2538
 5831 -5831
 5184 -5184
 -1736 1736
 4065 -4065
 -4892 4892
 2289 -2289
 -443.1 443.1
 -4092 4092
 456.6 -456.6
 -4858 4858
 -1933 1933
 -4647 4647
 7208 -7208
 -4355 4355
 -1564 1564
 -3404 3404
 -2128 2128
 -1136 1136
 1977 -1977
 1549 -1549
 -2009 2009
 -5865 5865
 4626 -4626
 -1845 1845
 2845 -2845
 5991 -5991
 -4943 4943
 -7770 7770
 897.9 -897.9
 -5034 5034
 -5898 5898
 -853.9 853.9
 -4581 4581
 3314 -3314
 3661 -3661
 3968 -3968
 -294.9 294.9
 2877 -2877
 1092 -1092
 -1950 1950
 3237 -3237
 7980 -7980
 794.3 -794.3
 4997 -4997
 9195 -9195
 -3223 3223
 1537 -1537
 -5464 5464
 5613 -5613
 -2813 2813
 666.4 -666.4
 3256 -3256
 5531 -5531
 -920.6 920.6
 -3674 3674
 5498 -5498
 -3508 3508
 -1913 1913
 4458 -4458


