# Created by Octave 4.4.1, Thu Sep 20 13:59:10 2018 CEST <raruidol@Ramons-MacBook-Pro.local>
# name: w
# type: matrix
# rows: 2001
# columns: 2
 0 0
 70.53 -70.53
 -155.4 155.4
 736.6 -736.6
 0.2464 -0.2464
 223 -223
 800.1 -800.1
 -352.5 352.5
 510.5 -510.5
 48.68 -48.68
 298.5 -298.5
 -143.3 143.3
 -36.85 36.85
 369.7 -369.7
 -108.3 108.3
 -713 713
 469.2 -469.2
 -615.5 615.5
 715.9 -715.9
 -367.6 367.6
 -631.5 631.5
 -607.7 607.7
 69.73 -69.73
 -331.9 331.9
 -713.8 713.8
 -838.9 838.9
 -74.35 74.35
 7.363 -7.363
 -569.3 569.3
 181 -181
 -348.9 348.9
 715.6 -715.6
 686.3 -686.3
 125.5 -125.5
 564 -564
 -1506 1506
 -621.8 621.8
 -390.8 390.8
 -202.4 202.4
 -254 254
 -268.1 268.1
 671.3 -671.3
 -58.22 58.22
 -515.2 515.2
 -125.5 125.5
 615.5 -615.5
 -359.1 359.1
 976 -976
 313.6 -313.6
 594 -594
 100.3 -100.3
 -308.4 308.4
 -28.01 28.01
 -1020 1020
 -7.468 7.468
 405.1 -405.1
 -293.7 293.7
 78.72 -78.72
 -239.4 239.4
 552.9 -552.9
 485.1 -485.1
 -618.4 618.4
 -450.4 450.4
 222.7 -222.7
 -115.3 115.3
 19 -19
 649.2 -649.2
 -188.5 188.5
 723.8 -723.8
 -93.82 93.82
 -230.7 230.7
 -1079 1079
 154.7 -154.7
 854.7 -854.7
 1584 -1584
 -1202 1202
 -1828 1828
 -268.5 268.5
 519.9 -519.9
 -629.5 629.5
 542.4 -542.4
 -86.15 86.15
 -712.4 712.4
 -226.7 226.7
 1015 -1015
 -11.08 11.08
 -603.7 603.7
 -848.8 848.8
 -437.6 437.6
 -3.121 3.121
 263.8 -263.8
 587.3 -587.3
 135 -135
 -282.8 282.8
 1179 -1179
 -100.7 100.7
 -157.6 157.6
 1335 -1335
 329.8 -329.8
 -587.2 587.2
 59.49 -59.49
 977.3 -977.3
 -390.9 390.9
 555.9 -555.9
 678.9 -678.9
 34.42 -34.42
 421.8 -421.8
 -229.8 229.8
 181.7 -181.7
 236.8 -236.8
 288.1 -288.1
 -491.8 491.8
 -624.1 624.1
 145.8 -145.8
 187.8 -187.8
 -1522 1522
 219.8 -219.8
 72.93 -72.93
 -363.3 363.3
 -1080 1080
 62.52 -62.52
 956.2 -956.2
 -1514 1514
 688.2 -688.2
 252.7 -252.7
 -1503 1503
 -253.3 253.3
 -568.5 568.5
 561.8 -561.8
 459.3 -459.3
 384 -384
 185.2 -185.2
 213.4 -213.4
 102 -102
 62.53 -62.53
 109.3 -109.3
 354.5 -354.5
 -2443 2443
 -362.9 362.9
 162.1 -162.1
 480.8 -480.8
 -315.4 315.4
 364.9 -364.9
 773.3 -773.3
 706.2 -706.2
 579 -579
 1681 -1681
 -179.3 179.3
 -80.68 80.68
 220.3 -220.3
 114.9 -114.9
 -320.8 320.8
 -116.8 116.8
 15.68 -15.68
 54.48 -54.48
 56.9 -56.9
 -103 103
 265.6 -265.6
 -702.4 702.4
 67.31 -67.31
 -385.6 385.6
 215.3 -215.3
 -327.2 327.2
 -995.4 995.4
 358 -358
 1938 -1938
 364.2 -364.2
 141.3 -141.3
 429.3 -429.3
 -100.1 100.1
 427 -427
 543.4 -543.4
 -45.99 45.99
 949.2 -949.2
 479.7 -479.7
 -228.7 228.7
 -747.6 747.6
 798.8 -798.8
 -670.5 670.5
 -81.45 81.45
 -151.5 151.5
 -1173 1173
 -1414 1414
 719.9 -719.9
 -10.51 10.51
 519.7 -519.7
 1401 -1401
 -1074 1074
 413.7 -413.7
 -423.4 423.4
 -189.2 189.2
 -102.5 102.5
 156.8 -156.8
 -142.5 142.5
 -910.6 910.6
 -557.4 557.4
 -233.8 233.8
 -421.2 421.2
 3.933 -3.933
 1590 -1590
 200.1 -200.1
 -620.6 620.6
 -487.2 487.2
 -329.8 329.8
 -465.7 465.7
 -272.9 272.9
 -435.8 435.8
 -249.9 249.9
 -578.6 578.6
 746.7 -746.7
 -1355 1355
 225.5 -225.5
 -295.1 295.1
 465.9 -465.9
 244.3 -244.3
 1092 -1092
 -802.2 802.2
 -527.4 527.4
 218.7 -218.7
 1159 -1159
 -323.8 323.8
 812.1 -812.1
 931.6 -931.6
 449.4 -449.4
 208.5 -208.5
 740 -740
 -182.9 182.9
 284.6 -284.6
 410.6 -410.6
 -799.9 799.9
 -147.5 147.5
 770.9 -770.9
 582.6 -582.6
 -522.2 522.2
 338.5 -338.5
 -218.6 218.6
 294.6 -294.6
 -101 101
 1002 -1002
 17.62 -17.62
 -381.3 381.3
 -336 336
 48.48 -48.48
 -690.3 690.3
 -991 991
 -744.2 744.2
 416.3 -416.3
 -768 768
 -525 525
 -1012 1012
 454.6 -454.6
 525 -525
 409.7 -409.7
 570.4 -570.4
 -952.7 952.7
 899.6 -899.6
 -521.2 521.2
 776.2 -776.2
 1185 -1185
 -46.46 46.46
 1694 -1694
 -203.9 203.9
 -139.3 139.3
 -364.2 364.2
 1173 -1173
 -119.6 119.6
 375 -375
 -224.3 224.3
 -36.06 36.06
 1013 -1013
 -624.5 624.5
 -835.8 835.8
 -412.9 412.9
 -64.04 64.04
 321.9 -321.9
 607 -607
 -160.5 160.5
 84.04 -84.04
 -410.5 410.5
 57.62 -57.62
 -217.2 217.2
 -83.93 83.93
 158.9 -158.9
 -325.9 325.9
 1342 -1342
 164.8 -164.8
 -201.2 201.2
 -36.43 36.43
 492 -492
 -514.1 514.1
 -117.1 117.1
 -1894 1894
 1702 -1702
 199.7 -199.7
 552.4 -552.4
 326.2 -326.2
 -1276 1276
 -305.3 305.3
 136.7 -136.7
 -361.3 361.3
 -705.1 705.1
 -550.2 550.2
 14.79 -14.79
 -668.4 668.4
 204.7 -204.7
 -116.3 116.3
 430.2 -430.2
 -77.44 77.44
 -771.3 771.3
 78.85 -78.85
 425.2 -425.2
 1283 -1283
 -1206 1206
 -1023 1023
 309.6 -309.6
 -406 406
 -6.59 6.59
 317.8 -317.8
 -589.1 589.1
 483.5 -483.5
 977.5 -977.5
 2387 -2387
 570.9 -570.9
 -462.4 462.4
 -452.2 452.2
 280.3 -280.3
 880 -880
 -512.7 512.7
 -535.7 535.7
 186.4 -186.4
 -565.1 565.1
 594.1 -594.1
 -109.7 109.7
 -203.7 203.7
 173.8 -173.8
 176.5 -176.5
 -15.26 15.26
 347.7 -347.7
 -60.38 60.38
 1426 -1426
 271.1 -271.1
 -444.7 444.7
 21.03 -21.03
 -25.21 25.21
 -476.1 476.1
 6.208 -6.208
 643.6 -643.6
 556.7 -556.7
 1159 -1159
 1013 -1013
 -59.44 59.44
 -203.1 203.1
 -653.9 653.9
 -470.3 470.3
 -3.376 3.376
 278.9 -278.9
 -1076 1076
 -110.9 110.9
 86.16 -86.16
 503.3 -503.3
 -534.8 534.8
 -509.6 509.6
 -81.86 81.86
 950.3 -950.3
 -336.4 336.4
 216.1 -216.1
 578.1 -578.1
 9.598 -9.598
 -106.8 106.8
 -1772 1772
 268.4 -268.4
 518.5 -518.5
 -283.6 283.6
 -1688 1688
 -1165 1165
 63.86 -63.86
 569.2 -569.2
 981.2 -981.2
 477.9 -477.9
 -899.6 899.6
 -208.6 208.6
 -987.7 987.7
 80.87 -80.87
 -930.5 930.5
 806.5 -806.5
 727.2 -727.2
 85.57 -85.57
 1293 -1293
 797.6 -797.6
 -530.6 530.6
 -36.07 36.07
 -513.6 513.6
 9.058 -9.058
 -592.6 592.6
 429 -429
 29.85 -29.85
 153.2 -153.2
 435.4 -435.4
 -731.3 731.3
 354.4 -354.4
 -212.1 212.1
 -936.6 936.6
 -213.4 213.4
 -229.6 229.6
 -460.6 460.6
 -932.3 932.3
 -230.4 230.4
 3.088 -3.088
 -139.8 139.8
 1312 -1312
 -31.37 31.37
 246.1 -246.1
 -196.9 196.9
 152.5 -152.5
 -1328 1328
 185.4 -185.4
 1590 -1590
 -436.6 436.6
 777.3 -777.3
 -192.4 192.4
 856.1 -856.1
 -259 259
 1484 -1484
 -25.4 25.4
 -236.4 236.4
 -576 576
 -68.1 68.1
 -255.2 255.2
 -144.5 144.5
 566 -566
 869.5 -869.5
 -228.7 228.7
 326.9 -326.9
 -221.4 221.4
 -1399 1399
 -204.2 204.2
 -614.7 614.7
 59.18 -59.18
 -933 933
 -252.2 252.2
 564.7 -564.7
 383.4 -383.4
 -541.6 541.6
 406.9 -406.9
 -171.1 171.1
 133.7 -133.7
 272.5 -272.5
 -78.93 78.93
 26.12 -26.12
 1333 -1333
 -2.037 2.037
 -303 303
 705.6 -705.6
 -53.45 53.45
 295 -295
 905.6 -905.6
 405.1 -405.1
 1257 -1257
 -134.8 134.8
 -293 293
 -445 445
 640.3 -640.3
 565.2 -565.2
 -253.4 253.4
 898.8 -898.8
 108 -108
 211 -211
 -455.1 455.1
 355.8 -355.8
 19.32 -19.32
 -740.7 740.7
 577.7 -577.7
 39.41 -39.41
 -621.7 621.7
 361.4 -361.4
 1349 -1349
 305.4 -305.4
 -60.93 60.93
 -256.9 256.9
 -113.6 113.6
 -27.01 27.01
 -68.69 68.69
 165.6 -165.6
 416.9 -416.9
 102.2 -102.2
 6.565 -6.565
 50.59 -50.59
 -1814 1814
 4.043 -4.043
 245.4 -245.4
 -368.1 368.1
 0.3259 -0.3259
 -212.7 212.7
 -391.5 391.5
 -158.7 158.7
 -1123 1123
 -187.8 187.8
 -628.9 628.9
 1646 -1646
 -1678 1678
 -35.07 35.07
 913.7 -913.7
 -1079 1079
 106.7 -106.7
 92.75 -92.75
 -1125 1125
 -956.8 956.8
 -521.3 521.3
 31.68 -31.68
 835.6 -835.6
 -159.2 159.2
 -168.2 168.2
 -167.1 167.1
 -586.4 586.4
 -322.1 322.1
 -129.3 129.3
 -957.2 957.2
 -221.7 221.7
 -302.4 302.4
 -926.6 926.6
 77.28 -77.28
 883.8 -883.8
 -797.1 797.1
 991 -991
 -499.3 499.3
 -96.95 96.95
 -157.4 157.4
 473.4 -473.4
 -13.87 13.87
 -48.17 48.17
 951.6 -951.6
 256.3 -256.3
 -813.8 813.8
 365 -365
 362.3 -362.3
 -968.3 968.3
 549.7 -549.7
 -85.49 85.49
 1346 -1346
 -78.89 78.89
 -1005 1005
 -547.3 547.3
 -423.2 423.2
 557.4 -557.4
 740.1 -740.1
 -1305 1305
 1264 -1264
 -705 705
 -473.1 473.1
 -125.5 125.5
 421.5 -421.5
 376.5 -376.5
 747.6 -747.6
 -674.7 674.7
 480.6 -480.6
 8.028 -8.028
 -133.2 133.2
 -15.14 15.14
 -378.5 378.5
 -511.7 511.7
 684.3 -684.3
 -799.4 799.4
 -112.1 112.1
 92.39 -92.39
 429.8 -429.8
 -1207 1207
 568.5 -568.5
 156.6 -156.6
 371.3 -371.3
 -694.3 694.3
 -385.7 385.7
 10.35 -10.35
 -326.6 326.6
 1674 -1674
 -313.1 313.1
 -434.6 434.6
 -50.28 50.28
 1307 -1307
 213.4 -213.4
 82.91 -82.91
 357 -357
 113.4 -113.4
 -541.6 541.6
 -45.98 45.98
 1276 -1276
 1710 -1710
 84.61 -84.61
 -354.4 354.4
 -573.7 573.7
 333.8 -333.8
 -534.5 534.5
 889.1 -889.1
 -839.9 839.9
 446.5 -446.5
 321.3 -321.3
 -644.7 644.7
 -488.8 488.8
 -224 224
 112.1 -112.1
 460.8 -460.8
 -444.5 444.5
 -607.9 607.9
 -86.07 86.07
 930.4 -930.4
 48.41 -48.41
 531 -531
 2264 -2264
 1021 -1021
 -1164 1164
 540.1 -540.1
 -395.2 395.2
 -766.3 766.3
 -18.91 18.91
 -414 414
 -435.2 435.2
 390.6 -390.6
 -586.4 586.4
 -702.1 702.1
 105.2 -105.2
 -788.1 788.1
 -97.02 97.02
 -1217 1217
 544.5 -544.5
 55.8 -55.8
 -168.5 168.5
 182.4 -182.4
 -334.7 334.7
 -156.7 156.7
 -205.8 205.8
 -933.4 933.4
 117.9 -117.9
 -886.9 886.9
 21.93 -21.93
 -250.5 250.5
 408.6 -408.6
 -1038 1038
 224.3 -224.3
 -75.03 75.03
 -254.8 254.8
 -495 495
 136.5 -136.5
 1059 -1059
 44.29 -44.29
 210.5 -210.5
 -1272 1272
 -308.3 308.3
 -310.4 310.4
 300.6 -300.6
 -377 377
 -6.192 6.192
 601 -601
 -390.6 390.6
 886.1 -886.1
 1426 -1426
 -292.2 292.2
 1.942 -1.942
 121 -121
 878.2 -878.2
 44.68 -44.68
 265.5 -265.5
 531.1 -531.1
 -1752 1752
 -55.21 55.21
 -1488 1488
 -129.1 129.1
 268.7 -268.7
 -1013 1013
 -40.94 40.94
 -485.3 485.3
 -897.1 897.1
 -629.6 629.6
 -103.4 103.4
 93.42 -93.42
 283 -283
 -966.8 966.8
 -363.3 363.3
 56.53 -56.53
 -267.3 267.3
 -59.72 59.72
 -447.8 447.8
 -424.4 424.4
 -248.4 248.4
 -60.17 60.17
 -28.65 28.65
 237.6 -237.6
 -715.7 715.7
 31.35 -31.35
 -576.2 576.2
 340.7 -340.7
 518 -518
 -475.8 475.8
 -334.6 334.6
 39.02 -39.02
 -219.9 219.9
 -257.6 257.6
 -1004 1004
 338.8 -338.8
 711.1 -711.1
 116.6 -116.6
 467.7 -467.7
 -619.8 619.8
 1077 -1077
 197.3 -197.3
 -131 131
 -555.2 555.2
 325.2 -325.2
 -560.4 560.4
 91.75 -91.75
 15.32 -15.32
 -144.2 144.2
 -1078 1078
 1580 -1580
 -454.6 454.6
 647.1 -647.1
 1345 -1345
 -35.75 35.75
 4031 -4031
 269.9 -269.9
 -513 513
 -128.3 128.3
 -343 343
 -1652 1652
 -582.1 582.1
 -592 592
 458.4 -458.4
 -4.685 4.685
 -686.5 686.5
 814.4 -814.4
 -342.7 342.7
 1442 -1442
 -40.71 40.71
 677.1 -677.1
 400.7 -400.7
 195.3 -195.3
 233.3 -233.3
 202.3 -202.3
 -1041 1041
 -485.8 485.8
 -204.9 204.9
 -138.7 138.7
 -119.3 119.3
 -757.6 757.6
 1428 -1428
 111 -111
 -178.2 178.2
 -190 190
 373.3 -373.3
 -786.6 786.6
 1471 -1471
 202.8 -202.8
 -156 156
 459 -459
 -1455 1455
 144.8 -144.8
 123.3 -123.3
 -854.4 854.4
 -347.3 347.3
 -225.9 225.9
 453.5 -453.5
 1628 -1628
 -596.7 596.7
 -505.1 505.1
 -748.9 748.9
 2.677 -2.677
 -46.02 46.02
 -738.2 738.2
 -440.7 440.7
 566.5 -566.5
 1365 -1365
 -1707 1707
 1034 -1034
 -1244 1244
 523.2 -523.2
 -1363 1363
 295.8 -295.8
 -119.9 119.9
 -854.1 854.1
 -194.4 194.4
 52.83 -52.83
 565.5 -565.5
 -225.8 225.8
 675.3 -675.3
 532.2 -532.2
 -1649 1649
 757.1 -757.1
 -475.8 475.8
 612.4 -612.4
 -35.92 35.92
 339.6 -339.6
 -818.8 818.8
 677.5 -677.5
 -123.1 123.1
 1204 -1204
 -188.6 188.6
 153.7 -153.7
 584.4 -584.4
 -584.7 584.7
 -63.84 63.84
 123.4 -123.4
 781.8 -781.8
 699.1 -699.1
 480 -480
 294.5 -294.5
 1636 -1636
 28.84 -28.84
 303.9 -303.9
 -77.26 77.26
 -102.1 102.1
 -350.8 350.8
 622.4 -622.4
 672.9 -672.9
 452.3 -452.3
 -278.3 278.3
 237.3 -237.3
 908.4 -908.4
 -377.2 377.2
 -500.3 500.3
 34.32 -34.32
 -681 681
 879.1 -879.1
 192.4 -192.4
 218 -218
 324.8 -324.8
 -389.9 389.9
 299.9 -299.9
 417.7 -417.7
 -187 187
 143.8 -143.8
 307.6 -307.6
 166.2 -166.2
 889.7 -889.7
 1444 -1444
 249.4 -249.4
 965 -965
 -943.1 943.1
 -305.6 305.6
 -932.3 932.3
 -131.3 131.3
 -272.7 272.7
 -1331 1331
 -237.8 237.8
 -179.4 179.4
 -133 133
 934.1 -934.1
 30.87 -30.87
 -853.6 853.6
 21.71 -21.71
 486.8 -486.8
 -842.1 842.1
 1768 -1768
 221.8 -221.8
 970.4 -970.4
 -817.5 817.5
 -346.1 346.1
 156.1 -156.1
 12.15 -12.15
 131.7 -131.7
 -388 388
 152.9 -152.9
 -718.4 718.4
 -359.1 359.1
 -14.89 14.89
 -863.2 863.2
 185.1 -185.1
 50.74 -50.74
 208.1 -208.1
 -555.9 555.9
 214.1 -214.1
 -75.88 75.88
 35.96 -35.96
 623 -623
 518.5 -518.5
 92.96 -92.96
 467.4 -467.4
 -805.9 805.9
 447.7 -447.7
 -560.2 560.2
 211.7 -211.7
 1014 -1014
 626.6 -626.6
 1360 -1360
 940 -940
 4.289 -4.289
 813 -813
 103 -103
 889.9 -889.9
 402.9 -402.9
 -360.1 360.1
 -167.4 167.4
 -181 181
 1.449 -1.449
 -519.6 519.6
 -350.3 350.3
 280.9 -280.9
 236.1 -236.1
 -176.6 176.6
 1619 -1619
 -435.2 435.2
 -68.62 68.62
 -362.7 362.7
 -344.5 344.5
 -20.32 20.32
 -241.4 241.4
 631.7 -631.7
 -1131 1131
 226.2 -226.2
 1050 -1050
 -418.5 418.5
 -148.6 148.6
 377.5 -377.5
 1621 -1621
 -438.5 438.5
 941.8 -941.8
 -80.3 80.3
 -172.5 172.5
 -182.7 182.7
 -171.8 171.8
 1313 -1313
 282.5 -282.5
 -1113 1113
 401.1 -401.1
 181.8 -181.8
 455.9 -455.9
 -905 905
 -356 356
 -275.7 275.7
 946 -946
 -470.5 470.5
 32.45 -32.45
 -559.3 559.3
 -68.45 68.45
 -308.7 308.7
 -786.3 786.3
 -331.9 331.9
 487.1 -487.1
 443.5 -443.5
 -309.1 309.1
 778.5 -778.5
 -230.6 230.6
 249.7 -249.7
 184.7 -184.7
 342.6 -342.6
 -244.3 244.3
 -189.4 189.4
 -485.2 485.2
 -128.3 128.3
 -168 168
 -34.95 34.95
 89.94 -89.94
 -997.2 997.2
 -299.5 299.5
 -208.8 208.8
 -318.6 318.6
 -577.2 577.2
 778.8 -778.8
 -473.3 473.3
 -214.6 214.6
 153.3 -153.3
 943.5 -943.5
 -305 305
 -74.67 74.67
 -1227 1227
 1112 -1112
 812.9 -812.9
 269.6 -269.6
 46.31 -46.31
 -1018 1018
 -1548 1548
 231.3 -231.3
 -534.8 534.8
 8.026 -8.026
 1163 -1163
 -538.8 538.8
 374.4 -374.4
 727.7 -727.7
 -482.7 482.7
 72.76 -72.76
 1055 -1055
 151 -151
 108.7 -108.7
 -466.8 466.8
 186.7 -186.7
 -480.7 480.7
 -546 546
 299.1 -299.1
 363 -363
 -202.7 202.7
 -175.8 175.8
 -256.2 256.2
 196.2 -196.2
 296.8 -296.8
 1164 -1164
 -690.2 690.2
 48.11 -48.11
 262.4 -262.4
 154.4 -154.4
 -239.7 239.7
 -1638 1638
 82.95 -82.95
 247 -247
 -1074 1074
 342.9 -342.9
 -661.2 661.2
 -65.22 65.22
 845 -845
 -578.3 578.3
 -10.42 10.42
 -548 548
 -83.1 83.1
 -370.9 370.9
 -3.877 3.877
 70 -70
 -169.9 169.9
 160.9 -160.9
 746.6 -746.6
 741 -741
 -619.7 619.7
 447 -447
 -251.8 251.8
 -242.9 242.9
 95.48 -95.48
 -987.9 987.9
 330.7 -330.7
 -390.2 390.2
 -1262 1262
 -832.1 832.1
 -378.8 378.8
 146.6 -146.6
 -697.5 697.5
 413.6 -413.6
 -1011 1011
 234.2 -234.2
 -76.94 76.94
 -83.85 83.85
 324.7 -324.7
 -339.7 339.7
 -635.7 635.7
 -284.3 284.3
 -824.4 824.4
 -78.37 78.37
 -57.84 57.84
 -129.8 129.8
 -405.9 405.9
 559.8 -559.8
 664 -664
 -421.6 421.6
 10.95 -10.95
 606 -606
 241.9 -241.9
 722.1 -722.1
 205.3 -205.3
 103.7 -103.7
 1056 -1056
 -940.5 940.5
 -71.48 71.48
 -854.1 854.1
 -24.84 24.84
 490 -490
 -306.9 306.9
 -1102 1102
 -533.2 533.2
 -104 104
 753.9 -753.9
 -976.4 976.4
 193.6 -193.6
 -1584 1584
 -797.7 797.7
 991 -991
 -173.9 173.9
 117.2 -117.2
 -184.2 184.2
 247.7 -247.7
 -645.9 645.9
 1790 -1790
 -134.5 134.5
 1154 -1154
 -1051 1051
 575.8 -575.8
 -227 227
 -193.8 193.8
 823.8 -823.8
 864.4 -864.4
 -492.4 492.4
 -1132 1132
 -530.8 530.8
 428 -428
 256.2 -256.2
 14.7 -14.7
 -296.8 296.8
 -1024 1024
 -181.2 181.2
 -194.6 194.6
 -20.89 20.89
 780.4 -780.4
 264.6 -264.6
 2222 -2222
 -585.2 585.2
 426.3 -426.3
 -201.3 201.3
 112.5 -112.5
 -933.8 933.8
 728.6 -728.6
 168.5 -168.5
 -40.05 40.05
 -20.79 20.79
 -1148 1148
 286 -286
 226 -226
 -259.2 259.2
 -224.2 224.2
 640.3 -640.3
 277.2 -277.2
 417.5 -417.5
 -148.9 148.9
 734.6 -734.6
 -1080 1080
 -69.16 69.16
 889.2 -889.2
 -830.3 830.3
 179.6 -179.6
 142.5 -142.5
 -190.5 190.5
 -25.02 25.02
 -241.5 241.5
 -246.4 246.4
 -290.5 290.5
 -521.8 521.8
 382 -382
 -466.7 466.7
 -929.1 929.1
 -500.1 500.1
 275.4 -275.4
 474.2 -474.2
 -906.1 906.1
 -102.9 102.9
 -772.8 772.8
 54.51 -54.51
 -201.6 201.6
 -600.9 600.9
 831 -831
 115.6 -115.6
 -435.9 435.9
 162 -162
 -172.8 172.8
 897.9 -897.9
 431.5 -431.5
 -238.4 238.4
 710.8 -710.8
 30.02 -30.02
 -43.27 43.27
 -61.2 61.2
 -819.7 819.7
 3.039 -3.039
 197.6 -197.6
 2146 -2146
 6.268 -6.268
 -154 154
 886 -886
 415.7 -415.7
 -586.9 586.9
 1284 -1284
 -737.7 737.7
 -303.4 303.4
 -954.4 954.4
 468.2 -468.2
 131.7 -131.7
 -178.1 178.1
 567.9 -567.9
 -694.8 694.8
 -799.7 799.7
 155.4 -155.4
 -1237 1237
 810.9 -810.9
 240.5 -240.5
 -316.4 316.4
 -908.8 908.8
 903.4 -903.4
 -1190 1190
 -303.3 303.3
 103.1 -103.1
 541 -541
 296.8 -296.8
 -581.2 581.2
 -208.5 208.5
 1020 -1020
 -48.43 48.43
 103.4 -103.4
 -87.63 87.63
 374 -374
 -382.4 382.4
 346.5 -346.5
 261 -261
 247.1 -247.1
 -356.3 356.3
 366.7 -366.7
 810.9 -810.9
 -1975 1975
 -28.8 28.8
 601.4 -601.4
 -1807 1807
 153.7 -153.7
 385.5 -385.5
 -87.89 87.89
 140 -140
 74.79 -74.79
 93.36 -93.36
 73.93 -73.93
 -19.29 19.29
 -349.7 349.7
 62.54 -62.54
 -600.4 600.4
 -624.1 624.1
 757.9 -757.9
 197.8 -197.8
 500 -500
 199.3 -199.3
 -64.81 64.81
 571.8 -571.8
 -425.9 425.9
 124.4 -124.4
 -981.6 981.6
 -547.4 547.4
 225.1 -225.1
 450.3 -450.3
 -629.6 629.6
 -877.1 877.1
 -804.2 804.2
 -346.5 346.5
 -60.6 60.6
 -1292 1292
 -524.1 524.1
 373.4 -373.4
 -182.8 182.8
 150.5 -150.5
 -443.4 443.4
 1352 -1352
 -352.6 352.6
 1377 -1377
 -159.8 159.8
 -381.4 381.4
 -1382 1382
 788.9 -788.9
 456.6 -456.6
 532.7 -532.7
 -256 256
 -1356 1356
 -536.8 536.8
 1157 -1157
 -942.3 942.3
 -616.3 616.3
 -521.9 521.9
 -99.57 99.57
 -341.6 341.6
 142 -142
 -831.7 831.7
 -193.8 193.8
 306.9 -306.9
 -374.2 374.2
 1076 -1076
 818.3 -818.3
 751.8 -751.8
 -569.2 569.2
 42.36 -42.36
 654.8 -654.8
 369.6 -369.6
 479.2 -479.2
 509 -509
 -945.3 945.3
 -292.3 292.3
 197.5 -197.5
 600.4 -600.4
 494.5 -494.5
 123.6 -123.6
 648 -648
 482.4 -482.4
 623 -623
 -70.97 70.97
 -833.3 833.3
 -261 261
 545.8 -545.8
 -602.7 602.7
 -370.2 370.2
 874.6 -874.6
 -874.4 874.4
 924 -924
 335.9 -335.9
 -932.6 932.6
 -1073 1073
 402.5 -402.5
 -871.1 871.1
 389.3 -389.3
 436.3 -436.3
 140.2 -140.2
 916.6 -916.6
 1229 -1229
 551.6 -551.6
 -92.72 92.72
 1103 -1103
 -4.79 4.79
 -189.7 189.7
 -336.3 336.3
 7.794 -7.794
 1054 -1054
 -1050 1050
 -896.9 896.9
 307.2 -307.2
 -51.78 51.78
 260.3 -260.3
 353 -353
 -62.73 62.73
 -469 469
 -464.6 464.6
 -494 494
 650.2 -650.2
 890.7 -890.7
 854.1 -854.1
 426.2 -426.2
 335 -335
 303.6 -303.6
 671 -671
 -554.1 554.1
 -562.9 562.9
 156.6 -156.6
 -370.2 370.2
 271.4 -271.4
 -299.7 299.7
 774 -774
 -1468 1468
 179.6 -179.6
 770 -770
 -252.2 252.2
 533.2 -533.2
 -19.77 19.77
 272 -272
 132.1 -132.1
 -140 140
 280.2 -280.2
 -1162 1162
 232.6 -232.6
 -1790 1790
 1417 -1417
 -292.8 292.8
 -1031 1031
 95.46 -95.46
 57.26 -57.26
 -606 606
 423 -423
 -198.6 198.6
 -562.9 562.9
 -793.1 793.1
 -375.1 375.1
 -304.9 304.9
 1304 -1304
 -180.1 180.1
 258.2 -258.2
 322.7 -322.7
 819.3 -819.3
 208.4 -208.4
 -69.06 69.06
 55.1 -55.1
 41.94 -41.94
 729 -729
 284.2 -284.2
 -662.1 662.1
 -1213 1213
 -738.2 738.2
 -9.474 9.474
 54.75 -54.75
 -279 279
 233.7 -233.7
 932.1 -932.1
 -1648 1648
 -303.3 303.3
 -421.5 421.5
 -720.3 720.3
 -101.4 101.4
 275.8 -275.8
 244.2 -244.2
 319 -319
 -408.9 408.9
 3225 -3225
 668.2 -668.2
 414.1 -414.1
 -298.5 298.5
 60.97 -60.97
 -467.6 467.6
 -609.3 609.3
 -229.3 229.3
 408.4 -408.4
 -377.9 377.9
 887.8 -887.8
 72.16 -72.16
 158.1 -158.1
 -692.7 692.7
 -413.8 413.8
 2.298 -2.298
 251.9 -251.9
 253.9 -253.9
 178.6 -178.6
 1015 -1015
 -354.4 354.4
 -320.1 320.1
 331.5 -331.5
 296.5 -296.5
 -951.1 951.1
 1024 -1024
 -252.4 252.4
 648.7 -648.7
 879.2 -879.2
 322.4 -322.4
 -266.1 266.1
 -221.1 221.1
 688.6 -688.6
 -449.9 449.9
 751 -751
 595 -595
 -412.4 412.4
 153.7 -153.7
 -166.5 166.5
 -101.6 101.6
 -263.1 263.1
 -310.5 310.5
 -2044 2044
 -382.4 382.4
 -584.1 584.1
 -650.4 650.4
 16.34 -16.34
 -765.1 765.1
 -796.6 796.6
 92.13 -92.13
 289.7 -289.7
 -936.8 936.8
 215.4 -215.4
 -517.4 517.4
 -519.2 519.2
 -386.4 386.4
 1018 -1018
 -40.91 40.91
 233.2 -233.2
 -617.4 617.4
 580.4 -580.4
 -348 348
 28.74 -28.74
 -349.4 349.4
 262.5 -262.5
 -370.5 370.5
 724 -724
 -253.1 253.1
 146.3 -146.3
 1055 -1055
 2290 -2290
 -1155 1155
 892.3 -892.3
 -328.4 328.4
 644 -644
 345.1 -345.1
 5.213 -5.213
 99.93 -99.93
 -302 302
 -281.5 281.5
 77.62 -77.62
 -691.3 691.3
 228.1 -228.1
 449.1 -449.1
 46.57 -46.57
 2002 -2002
 952.1 -952.1
 -338.8 338.8
 -331.8 331.8
 -460.2 460.2
 -198.9 198.9
 -6.345 6.345
 -628.1 628.1
 250.4 -250.4
 -431.2 431.2
 555.4 -555.4
 -1026 1026
 925.5 -925.5
 889.9 -889.9
 -631.9 631.9
 -667.5 667.5
 -275.4 275.4
 -270.4 270.4
 -181.4 181.4
 142.4 -142.4
 -698.6 698.6
 -2406 2406
 -362.4 362.4
 1005 -1005
 -1093 1093
 590.4 -590.4
 2007 -2007
 -151.9 151.9
 372.2 -372.2
 228.2 -228.2
 -898.8 898.8
 -441.8 441.8
 654.9 -654.9
 95.96 -95.96
 316.8 -316.8
 -363.1 363.1
 -234.3 234.3
 -163.3 163.3
 -723.2 723.2
 -768.3 768.3
 -227.9 227.9
 1086 -1086
 -2.72 2.72
 970.2 -970.2
 -437.8 437.8
 711.4 -711.4
 -866.8 866.8
 746.5 -746.5
 1139 -1139
 -1229 1229
 -1063 1063
 24.72 -24.72
 -681.3 681.3
 322 -322
 -473 473
 -187 187
 -248.1 248.1
 17.56 -17.56
 -414.5 414.5
 150.1 -150.1
 -272.2 272.2
 -711.1 711.1
 490.8 -490.8
 -322 322
 -797.3 797.3
 -874.8 874.8
 -205.5 205.5
 -349.6 349.6
 103 -103
 -732.3 732.3
 548.4 -548.4
 1025 -1025
 220.9 -220.9
 -894.1 894.1
 -369.2 369.2
 490.3 -490.3
 174.6 -174.6
 -825.2 825.2
 612.5 -612.5
 1137 -1137
 -165.7 165.7
 -193.9 193.9
 652 -652
 -249.2 249.2
 -168 168
 107.3 -107.3
 -741.2 741.2
 -536.2 536.2
 -279.7 279.7
 136.7 -136.7
 -664.2 664.2
 412.6 -412.6
 1053 -1053
 306.1 -306.1
 -135.6 135.6
 -340.9 340.9
 -501.4 501.4
 -857 857
 -930 930
 -284.4 284.4
 65.14 -65.14
 1043 -1043
 -96.43 96.43
 -234.4 234.4
 551.4 -551.4
 120.9 -120.9
 535.3 -535.3
 1444 -1444
 711.6 -711.6
 38.21 -38.21
 -437.4 437.4
 1138 -1138
 -669 669
 954.8 -954.8
 421.1 -421.1
 1283 -1283
 -115.2 115.2
 -603.3 603.3
 1216 -1216
 1061 -1061
 -1019 1019
 1394 -1394
 -577.5 577.5
 830.6 -830.6
 -171.4 171.4
 261.8 -261.8
 -596.2 596.2
 333.8 -333.8
 780.4 -780.4
 1452 -1452
 -1139 1139
 1586 -1586
 91.92 -91.92
 -273.2 273.2
 427 -427
 -464.4 464.4
 859.5 -859.5
 778.5 -778.5
 106.4 -106.4
 473.7 -473.7
 409.9 -409.9
 243.8 -243.8
 -540.3 540.3
 1178 -1178
 426.9 -426.9
 -259.6 259.6
 879.4 -879.4
 -402.2 402.2
 192.3 -192.3
 761.3 -761.3
 -120.8 120.8
 -201.4 201.4
 -992.3 992.3
 24.86 -24.86
 604.9 -604.9
 -563.5 563.5
 -1128 1128
 522.2 -522.2
 -90.61 90.61
 134.2 -134.2
 -643.2 643.2
 160.7 -160.7
 -68.45 68.45
 -726.2 726.2
 -2.189 2.189
 -190.5 190.5
 674.2 -674.2
 707.9 -707.9
 774.4 -774.4
 -610.9 610.9
 592 -592
 -303.2 303.2
 -6.39 6.39
 940.2 -940.2
 -416.1 416.1
 -1337 1337
 -573.5 573.5
 601.8 -601.8
 -844.2 844.2
 328.1 -328.1
 674 -674
 278.7 -278.7
 1316 -1316
 519.5 -519.5
 -188 188
 139.6 -139.6
 531.5 -531.5
 -448.6 448.6
 63.09 -63.09
 -504.4 504.4
 489.3 -489.3
 206.8 -206.8
 -219.8 219.8
 -92.06 92.06
 -873.9 873.9
 -1940 1940
 -413.3 413.3
 -238.3 238.3
 982.9 -982.9
 -476 476
 -359.3 359.3
 454.4 -454.4
 188.1 -188.1
 -54.11 54.11
 575.6 -575.6
 -1010 1010
 229.5 -229.5
 424.1 -424.1
 -1070 1070
 -857.5 857.5
 494.4 -494.4
 849.8 -849.8
 145 -145
 -845.5 845.5
 1020 -1020
 851 -851
 714.4 -714.4
 -402.3 402.3
 -359 359
 -888.7 888.7
 -457.8 457.8
 235.4 -235.4
 542.8 -542.8
 326.4 -326.4
 -93.44 93.44
 178.3 -178.3
 200 -200
 -92.95 92.95
 -57.94 57.94
 -278.1 278.1
 326.3 -326.3
 -186.1 186.1
 -342.2 342.2
 -215.4 215.4
 430.7 -430.7
 472.8 -472.8
 -1134 1134
 -126.4 126.4
 -545 545
 -242.9 242.9
 1380 -1380
 -663.5 663.5
 -531.1 531.1
 1.119 -1.119
 -680.8 680.8
 -757 757
 -95.22 95.22
 -810.3 810.3
 552.7 -552.7
 213.3 -213.3
 227.8 -227.8
 333 -333
 -69.73 69.73
 233.9 -233.9
 522.1 -522.1
 1716 -1716
 -333.8 333.8
 -341.9 341.9
 -93.02 93.02
 721.9 -721.9
 -56.88 56.88
 -836.3 836.3
 -1084 1084
 1077 -1077
 -241 241
 565.6 -565.6
 240.8 -240.8
 24.02 -24.02
 -251.1 251.1
 111 -111
 -550 550
 -647.6 647.6
 715.1 -715.1
 -1522 1522
 942 -942
 216.9 -216.9
 830.4 -830.4
 181.9 -181.9
 -779.7 779.7
 -468.1 468.1
 -128.1 128.1
 -351.3 351.3
 -878.3 878.3
 292.2 -292.2
 -86.76 86.76
 -390.6 390.6
 855.3 -855.3
 68.89 -68.89
 630.9 -630.9
 -766.3 766.3
 -106.2 106.2
 616 -616
 660.1 -660.1
 -62.92 62.92
 -1790 1790
 384 -384
 -387.3 387.3
 307.1 -307.1
 631.1 -631.1
 -346.2 346.2
 -669 669
 -61.67 61.67
 -1510 1510
 -1245 1245
 784.2 -784.2
 -270.2 270.2
 -402.2 402.2
 136.8 -136.8
 1436 -1436
 -675.4 675.4
 -655.3 655.3
 -1193 1193
 -53.95 53.95
 -1241 1241
 351.8 -351.8
 -905.9 905.9
 -601.8 601.8
 -116.2 116.2
 1069 -1069
 864.7 -864.7
 -248.9 248.9
 5.328 -5.328
 691.5 -691.5
 -511.6 511.6
 -571.7 571.7
 381 -381
 -866.4 866.4
 262.7 -262.7
 -900.8 900.8
 -178.7 178.7
 872.5 -872.5
 393.2 -393.2
 916.6 -916.6
 16.3 -16.3
 1008 -1008
 -1329 1329
 -408.8 408.8
 108.2 -108.2
 778.7 -778.7
 -267.1 267.1
 -138.2 138.2
 244.7 -244.7
 -588.7 588.7
 977.3 -977.3
 -503.4 503.4
 315.6 -315.6
 428.2 -428.2
 -102.1 102.1
 -189.2 189.2
 904.2 -904.2
 510.1 -510.1
 -969 969
 525 -525
 37.55 -37.55
 466.7 -466.7
 -784.6 784.6
 790 -790
 -12.47 12.47
 -57.08 57.08
 156.9 -156.9
 177.4 -177.4
 -386.5 386.5
 641.1 -641.1
 -234.3 234.3
 380.2 -380.2
 220.2 -220.2
 -262.9 262.9
 611.3 -611.3
 352.7 -352.7
 254.5 -254.5
 -684.1 684.1
 -690.1 690.1
 1336 -1336
 -160.3 160.3
 1140 -1140
 -153.7 153.7
 189.9 -189.9
 190.9 -190.9
 527.8 -527.8
 1377 -1377
 -1263 1263
 -724.8 724.8
 -479.5 479.5
 175.7 -175.7
 -103 103
 68.76 -68.76
 129.8 -129.8
 38.8 -38.8
 1283 -1283
 -925.8 925.8
 154.9 -154.9
 905.4 -905.4
 -333.9 333.9
 497.3 -497.3
 -705.2 705.2
 -1483 1483
 733 -733
 416.3 -416.3
 453.3 -453.3
 -239.6 239.6
 1504 -1504
 -646.4 646.4
 -727.7 727.7
 558 -558
 389 -389
 42.33 -42.33
 347.9 -347.9
 -1249 1249
 360.5 -360.5
 1118 -1118
 225.6 -225.6
 855.3 -855.3
 44.61 -44.61
 466.7 -466.7
 -379.2 379.2
 1330 -1330
 -381.8 381.8
 659.4 -659.4
 913.9 -913.9
 -1226 1226
 -660.9 660.9
 -164.3 164.3
 355 -355
 469.1 -469.1
 -455.6 455.6
 36.39 -36.39
 -884.1 884.1
 -665.9 665.9
 -545.1 545.1
 -679.9 679.9
 -440.5 440.5
 14.38 -14.38
 -557.6 557.6
 1169 -1169
 2027 -2027
 259.5 -259.5
 -1252 1252
 299.5 -299.5
 63.57 -63.57
 774 -774
 429.2 -429.2
 1097 -1097
 -164.2 164.2
 58.35 -58.35
 1445 -1445
 46.43 -46.43
 72.18 -72.18
 -2081 2081
 -493.3 493.3
 -309.7 309.7
 205.4 -205.4
 -137.5 137.5
 714.3 -714.3
 198.5 -198.5
 458.8 -458.8
 -604 604
 -21.71 21.71
 -426.8 426.8
 -368.9 368.9
 -55.13 55.13
 323.5 -323.5
 922.7 -922.7
 252.8 -252.8
 543 -543
 95.98 -95.98
 -155.3 155.3
 -100.7 100.7
 -47.46 47.46
 559.1 -559.1
 608.5 -608.5
 -533.8 533.8
 -5.979 5.979
 -286.7 286.7
 238.6 -238.6
 -1295 1295
 -491.2 491.2
 -16.56 16.56
 447.1 -447.1
 385.8 -385.8
 68.47 -68.47
 30.23 -30.23
 -80.57 80.57
 -547.5 547.5
 -89.26 89.26
 -422.1 422.1
 -104.3 104.3
 509.2 -509.2
 -97.36 97.36
 -620.5 620.5
 -406.2 406.2
 -663.6 663.6
 -44.97 44.97
 1064 -1064
 395.2 -395.2
 -730.2 730.2
 -506.9 506.9
 32.15 -32.15
 519.6 -519.6
 -128.3 128.3
 1257 -1257
 -1067 1067
 -1588 1588
 -890.3 890.3
 -677.1 677.1
 1369 -1369
 26.36 -26.36
 229.8 -229.8
 -729.9 729.9
 116.2 -116.2
 872.2 -872.2
 -276.3 276.3
 48.1 -48.1
 -123.1 123.1
 30.94 -30.94
 953.2 -953.2
 884.6 -884.6
 -1838 1838
 690 -690
 -370.7 370.7
 -529.2 529.2
 -160.8 160.8
 -1006 1006
 34.2 -34.2
 -670.4 670.4
 1334 -1334
 -348.1 348.1
 40.62 -40.62
 1231 -1231
 -630.4 630.4
 -125.3 125.3
 665.6 -665.6
 -1197 1197
 226.8 -226.8
 236.1 -236.1
 -896 896
 -114.8 114.8


