Final:
0 errors 86 iter



# alpha     b     E   k  Ete
#------- ------- --- --- ---
     0.1     0.1   0  63   3
     0.1     1.0   0  63   3
     0.1    10.0   0  63   3
     0.1   100.0   0  63   3
     0.1  1000.0   0  57   2
     0.1 10000.0   0  95   3
     0.1 100000.0   0  60   3
-------------------------
     1.0     0.1   0  63   3
     1.0     1.0   0  63   3
     1.0    10.0   0  63   3
     1.0   100.0   0  63   3
     1.0  1000.0   0  63   3
     1.0 10000.0   0  57   2
     1.0 100000.0   0  95   3
-------------------------
    10.0     0.1   0  63   3
    10.0     1.0   0  63   3
    10.0    10.0   0  63   3
    10.0   100.0   0  63   3
    10.0  1000.0   0  63   3
    10.0 10000.0   0  63   3
    10.0 100000.0   0  57   2
-------------------------
   100.0     0.1   0  63   3
   100.0     1.0   0  63   3
   100.0    10.0   0  63   3
   100.0   100.0   0  63   3
   100.0  1000.0   0  63   3
   100.0 10000.0   0  63   3
   100.0 100000.0   0  63   3
-------------------------
  1000.0     0.1   0  63   3
  1000.0     1.0   0  63   3
  1000.0    10.0   0  63   3
  1000.0   100.0   0  63   3
  1000.0  1000.0   0  63   3
  1000.0 10000.0   0  63   3
  1000.0 100000.0   0  63   3
-------------------------
 10000.0     0.1   0  63   3
 10000.0     1.0   0  63   3
 10000.0    10.0   0  63   3
 10000.0   100.0   0  63   3
 10000.0  1000.0   0  63   3
 10000.0 10000.0   0  63   3
 10000.0 100000.0   0  63   3
-------------------------
100000.0     0.1   0  63   3
100000.0     1.0   0  63   3
100000.0    10.0   0  63   3
100000.0   100.0   0  63   3
100000.0  1000.0   0  63   3
100000.0 10000.0   0  63   3
100000.0 100000.0   0  63   3
-------------------------
