Final:
1236 errors 200 iter(no converg)



# alpha     b     E   k  Ete
#------- ------- --- --- ---
     0.1     0.1 606 200 157
     0.1     1.0 737 200 111
     0.1    10.0 860 200 110
     0.1   100.0 878 200 108
     0.1  1000.0 903 200 111
     0.1 10000.0 1248 200 138
     0.1 100000.0 1760 200 250
-------------------------
     1.0     0.1 547 200 140
     1.0     1.0 606 200 157
     1.0    10.0 737 200 111
     1.0   100.0 860 200 110
     1.0  1000.0 878 200 108
     1.0 10000.0 903 200 111
     1.0 100000.0 1248 200 138
-------------------------
    10.0     0.1 536 200 160
    10.0     1.0 547 200 140
    10.0    10.0 606 200 157
    10.0   100.0 737 200 111
    10.0  1000.0 860 200 110
    10.0 10000.0 878 200 108
    10.0 100000.0 903 200 111
-------------------------
   100.0     0.1 549 200 134
   100.0     1.0 536 200 160
   100.0    10.0 547 200 140
   100.0   100.0 606 200 157
   100.0  1000.0 737 200 111
   100.0 10000.0 860 200 110
   100.0 100000.0 878 200 108
-------------------------
  1000.0     0.1 552 200 154
  1000.0     1.0 549 200 134
  1000.0    10.0 536 200 160
  1000.0   100.0 547 200 140
  1000.0  1000.0 606 200 157
  1000.0 10000.0 737 200 111
  1000.0 100000.0 860 200 110
-------------------------
 10000.0     0.1 557 200 153
 10000.0     1.0 552 200 154
 10000.0    10.0 549 200 134
 10000.0   100.0 536 200 160
 10000.0  1000.0 547 200 140
 10000.0 10000.0 606 200 157
 10000.0 100000.0 737 200 111
-------------------------
100000.0     0.1 557 200 153
100000.0     1.0 557 200 153
100000.0    10.0 552 200 154
100000.0   100.0 549 200 134
100000.0  1000.0 536 200 160
100000.0 10000.0 547 200 140
100000.0 100000.0 606 200 157
-------------------------
