Final:
0 errors 71 iter



# alpha     b     E   k  Ete
#------- ------- --- --- ---
     0.1     0.1   0  76  57
     0.1     1.0   0  76  57
     0.1    10.0   0  76  57
     0.1   100.0   0  94  52
     0.1  1000.0   0  82  58
     0.1 10000.0   0  65  58
     0.1 100000.0   0  74  57
-------------------------
     1.0     0.1   0  76  57
     1.0     1.0   0  76  57
     1.0    10.0   0  76  57
     1.0   100.0   0  76  57
     1.0  1000.0   0  94  52
     1.0 10000.0   0  82  58
     1.0 100000.0   0  65  58
-------------------------
    10.0     0.1   0  76  57
    10.0     1.0   0  76  57
    10.0    10.0   0  76  57
    10.0   100.0   0  76  57
    10.0  1000.0   0  76  57
    10.0 10000.0   0  94  52
    10.0 100000.0   0  82  58
-------------------------
   100.0     0.1   0  76  57
   100.0     1.0   0  76  57
   100.0    10.0   0  76  57
   100.0   100.0   0  76  57
   100.0  1000.0   0  76  57
   100.0 10000.0   0  76  57
   100.0 100000.0   0  94  52
-------------------------
  1000.0     0.1   0  76  57
  1000.0     1.0   0  76  57
  1000.0    10.0   0  76  57
  1000.0   100.0   0  76  57
  1000.0  1000.0   0  76  57
  1000.0 10000.0   0  76  57
  1000.0 100000.0   0  76  57
-------------------------
 10000.0     0.1   0  76  57
 10000.0     1.0   0  76  57
 10000.0    10.0   0  76  57
 10000.0   100.0   0  76  57
 10000.0  1000.0   0  76  57
 10000.0 10000.0   0  76  57
 10000.0 100000.0   0  76  57
-------------------------
100000.0     0.1   0  76  57
100000.0     1.0   0  76  57
100000.0    10.0   0  76  57
100000.0   100.0   0  76  57
100000.0  1000.0   0  76  57
100000.0 10000.0   0  76  57
100000.0 100000.0   0  76  57
-------------------------
