# alpha     b     E   k  Ete
#------- ------- --- --- ---
     0.1     0.1   0  16  20
     0.1     1.0   0  10  19
     0.1    10.0   0  22  16
     0.1   100.0   0 125  13
     0.1  1000.0 165 200  10
     0.1 10000.0 544 200  29
     0.1 100000.0 700 200  55
-------------------------
     1.0     0.1   0  13  17
     1.0     1.0   0  16  20
     1.0    10.0   0  10  19
     1.0   100.0   0  22  16
     1.0  1000.0   0 125  13
     1.0 10000.0 165 200  10
     1.0 100000.0 544 200  29
-------------------------
    10.0     0.1   0   8  15
    10.0     1.0   0  13  17
    10.0    10.0   0  16  20
    10.0   100.0   0  10  19
    10.0  1000.0   0  22  16
    10.0 10000.0   0 125  13
    10.0 100000.0 165 200  10
-------------------------
   100.0     0.1   0  12  16
   100.0     1.0   0   8  15
   100.0    10.0   0  13  17
   100.0   100.0   0  16  20
   100.0  1000.0   0  10  19
   100.0 10000.0   0  22  16
   100.0 100000.0   0 125  13
-------------------------
  1000.0     0.1   0  12  16
  1000.0     1.0   0  12  16
  1000.0    10.0   0   8  15
  1000.0   100.0   0  13  17
  1000.0  1000.0   0  16  20
  1000.0 10000.0   0  10  19
  1000.0 100000.0   0  22  16
-------------------------
 10000.0     0.1   0  12  16
 10000.0     1.0   0  12  16
 10000.0    10.0   0  12  16
 10000.0   100.0   0   8  15
 10000.0  1000.0   0  13  17
 10000.0 10000.0   0  16  20
 10000.0 100000.0   0  10  19
-------------------------
100000.0     0.1   0  12  16
100000.0     1.0   0  12  16
100000.0    10.0   0  12  16
100000.0   100.0   0  12  16
100000.0  1000.0   0   8  15
100000.0 10000.0   0  13  17
100000.0 100000.0   0  16  20
-------------------------
