Final:
1461 errors    200 iter(no converg)




# alpha     b     E   k  Ete
#------- ------- --- --- ---
     0.1     0.1 1652 200 469
     0.1     1.0 2772 200 458
     0.1    10.0 4366 200 614
     0.1   100.0 5538 200 1214
     0.1  1000.0 5590 200 1245
     0.1 10000.0 5590 200 1245
     0.1 100000.0 5590 200 1245
-------------------------
     1.0     0.1 1102 200 456
     1.0     1.0 1652 200 469
     1.0    10.0 2772 200 458
     1.0   100.0 4366 200 614
     1.0  1000.0 5538 200 1214
     1.0 10000.0 5590 200 1245
     1.0 100000.0 5590 200 1245
-------------------------
    10.0     0.1 1012 200 447
    10.0     1.0 1102 200 456
    10.0    10.0 1652 200 469
    10.0   100.0 2772 200 458
    10.0  1000.0 4366 200 614
    10.0 10000.0 5538 200 1214
    10.0 100000.0 5590 200 1245
-------------------------
   100.0     0.1 1018 200 462
   100.0     1.0 1012 200 447
   100.0    10.0 1102 200 456
   100.0   100.0 1652 200 469
   100.0  1000.0 2772 200 458
   100.0 10000.0 4366 200 614
   100.0 100000.0 5538 200 1214
-------------------------
  1000.0     0.1 1018 200 466
  1000.0     1.0 1018 200 462
  1000.0    10.0 1012 200 447
  1000.0   100.0 1102 200 456
  1000.0  1000.0 1652 200 469
  1000.0 10000.0 2772 200 458
  1000.0 100000.0 4366 200 614
-------------------------
 10000.0     0.1 994 200 464
 10000.0     1.0 1018 200 466
 10000.0    10.0 1018 200 462
 10000.0   100.0 1012 200 447
 10000.0  1000.0 1102 200 456
 10000.0 10000.0 1652 200 469
 10000.0 100000.0 2772 200 458
-------------------------
100000.0     0.1 1008 200 469
100000.0     1.0 994 200 464
100000.0    10.0 1018 200 466
100000.0   100.0 1018 200 462
100000.0  1000.0 1012 200 447
100000.0 10000.0 1102 200 456
100000.0 100000.0 1652 200 469
-------------------------
